0.917063 0.426948 -0.0375386 0.481834 0.414821 0.19444 -0.292 0.431381 -0.0284863 0.0411747 -0.237763 -0.00061156 -0.000330305 -3.95964e-06 7.34188e-05 0.000604276 0.000166428 4.3293e-05 -0.00059906 -0.000654055 -0.440877 0.204985 0.383532 0.400843 -0.216392 -0.238976 -0.49421 0.06613 0.245686 0.00414902 
-0.256561 0.329064 -0.0884638 0.424085 0.276814 0.475716 0.360811 -0.412627 -0.101661 -0.453123 0.242818 1.00018 1.00054 0.999975 0.999521 0.999734 1.00068 0.999609 1.00071 0.999431 0.346986 -0.312058 0.0652919 0.467176 -0.388229 -0.497339 0.459747 -0.26814 -0.107907 -0.484376 
0.3605 -0.0951027 0.238971 0.104516 -0.0463785 -0.337096 -0.00344973 0.168672 -0.391413 0.208911 -0.476478 2.0003 2.0001 1.9993 1.9993 2.00009 2.00016 1.99945 1.99987 1.99935 -0.204447 -0.311382 -0.273522 0.252181 -0.192159 -0.338148 -0.398712 0.220073 0.0319602 -0.0237685 
0.452461 -0.202177 0.388824 0.338001 -0.0441673 -0.08673 0.377747 0.319066 -0.0863791 0.485907 0.427904 3.00053 2.99996 2.99943 2.99966 2.99986 3.00023 3.0004 2.99962 2.99954 0.445033 -0.168761 0.187137 0.160325 -0.442219 0.352417 0.477344 0.155005 0.297157 -0.434029 
0.0676466 0.448358 0.298156 0.497173 -0.0180783 0.332001 -0.459293 0.46982 0.280238 -0.171149 -0.409551 4.00028 3.99999 3.9999 3.99971 4.00066 3.9997 3.99928 4.00006 4.00035 0.136065 -0.112494 -0.094474 0.430217 -0.309011 0.175097 0.115054 0.333933 -0.401939 0.0375645 
0.19578 -0.262772 0.129071 0.225257 0.445386 -0.207813 0.339439 -0.498452 0.136007 0.0835924 0.0299432 5.00031 4.99952 5.00024 4.99962 5.00033 5.00046 5.00033 4.9999 5.00062 -0.448569 0.394051 0.00564142 -0.40685 -0.196641 -0.199139 0.363817 -0.063563 -0.378435 0.19145 
0.421833 -0.470721 0.355825 -0.230372 -0.475641 -0.384475 -0.35358 0.447198 0.107895 0.149381 0.44127 5.99933 6.0004 5.99976 5.99975 5.99939 6.00034 5.99928 5.99962 6.00037 -0.0148545 0.0329898 0.151964 -0.484983 -0.468145 -0.0828975 -0.0585864 0.468408 0.368026 0.117492 
0.225376 -0.277728 -0.307962 0.450476 -0.050565 0.0719016 -0.00594729 0.3772 0.297082 0.38428 -0.0880034 7.00014 6.99987 6.99954 6.99985 7.00023 7.00053 7.00052 6.99929 6.99977 0.325029 0.145205 -0.403703 -0.175911 0.108125 -0.108758 -0.131175 0.215372 0.0850144 0.478648 
0.113392 -0.10304 0.268904 -0.220425 0.349106 -0.25659 0.29457 0.411356 0.369803 0.213914 0.110766 8.0004 8.00046 8.00009 8.00043 8.00041 7.99984 8.00061 8.00028 7.99953 0.458514 -0.0411092 -0.342701 0.48714 0.224608 0.445072 -0.403809 0.458645 0.340294 -0.0901488 
-0.459685 0.456812 -0.105285 0.00705192 -0.0451956 0.0946679 -0.330068 -0.434555 0.368835 0.41183 0.216569 8.99995 8.9997 9.00007 9.00037 8.99944 8.99992 9.00023 8.99942 9.00069 0.0307997 0.30295 0.377383 0.432386 0.418525 0.457054 0.20711 0.472055 -0.469774 -0.4629 
-0.214149 -0.406484 0.303559 0.3698 -0.472831 -0.492122 -0.481942 -0.410247 -0.0317527 -0.155973 -0.211797 9.99972 9.99964 10.0004 10.0002 10.0002 9.9996 10.0006 9.99975 10.0004 0.34701 0.333308 -0.187041 -0.0190641 0.422027 -0.305795 -0.132904 0.274426 -0.313359 -0.417221 
-1.07365e-05 1.00048 1.9995 3.00025 3.99957 5.00042 6.00029 6.99931 8.00032 9.00014 9.99967 11.0005 11.9995 12.9996 13.9995 15.0006 16.0005 16.9996 18.0003 18.9998 20.0006 21 22.0006 23 23.9997 25.0003 25.9997 26.9996 27.9995 28.9996 
0.00032855 0.999466 2.00047 3.00028 4.00028 5.00052 5.99989 6.99958 8.00048 8.99991 9.99964 10.9993 11.9997 13.0003 14.0002 15.0001 15.9994 16.9993 18.0005 18.9997 20 20.9998 21.9994 23.0005 23.9998 24.9994 26.0004 27.0006 27.9998 28.9999 
0.000638943 0.999408 2.00068 3.00009 3.99963 5.00064 6.00047 6.99986 8.00023 9.00042 10.0001 11.0003 11.9997 12.9998 14.0004 15 15.9997 17.0001 18 18.9998 20.0005 21.0004 22.0008 23.0004 23.9994 25.0006 25.9993 27.0005 27.9999 29.0006 
0.000494703 1.00029 1.99998 2.99957 4.00035 4.99975 5.99956 7.00067 7.9999 8.99988 10.0006 11.0003 11.9993 13.0007 14.0004 15.0001 16.0003 17.0006 18 18.9995 20.0002 21.0007 21.9996 22.9999 23.9995 24.9995 25.9994 27.0007 28.0006 29.0006 
0.000163879 1.0003 1.99968 3.00042 3.9993 4.99987 6.00008 7.00007 8.00026 9.00032 10.0002 11.0006 12.0002 13.0005 13.9996 15.0003 16.0001 17.0002 17.9993 19.0001 20.0002 21.0007 22.0002 23.0002 23.9994 24.9999 26.0005 26.9998 27.9999 29.0001 
-0.000203031 0.999901 2.00034 3.0003 3.99984 5.00007 6.00045 7.00061 7.99934 9.00038 9.99986 10.9998 12.0004 13.0006 13.9995 14.9998 16.0005 16.9998 17.9994 19.0004 20.0007 21.0005 21.9998 22.9998 23.9995 25.0003 25.9995 27 28.0006 29.0007 
0.000723038 0.99946 2.00041 3.00003 4.00039 5.00012 5.99964 7.00067 8.00009 8.99952 10.0006 11.0006 11.9998 13.0003 13.9995 15.0003 15.9994 16.9997 18.0008 19 20.0003 20.9994 21.9994 22.9998 24 25.0006 25.9997 27 28 28.9998 
-0.000122852 0.999317 1.99934 3.00057 4.00003 5.0007 6.00031 7.00036 8.00042 8.99979 9.99968 11.0005 12.0005 12.9999 13.9993 14.9994 16.0006 17.0006 18 19.0007 19.9996 21.0004 22.0006 23.0005 24.0005 25.0004 26.0006 26.9997 28.0003 29.0002 
4.82959e-05 0.999835 1.99999 3.00058 4.00069 4.99994 6.00068 7.00018 7.99973 8.99986 9.99996 11.0004 11.9999 13.0004 14.0001 14.9997 16.0006 17.0002 17.9993 19 20.0006 21.0008 22.0003 23.0003 24 25.0002 26.0006 27.0006 27.9994 29.0006 
-3.99768e-05 -0.102673 -0.491066 -0.236708 -0.3248 -0.300218 0.388883 0.288245 0.264324 0.402266 -0.0572832 19.9995 19.9997 20.0003 20.0006 20.0003 19.9999 20 20.0007 19.9995 -0.350301 -0.374991 0.115523 0.311615 0.360938 -0.156742 -0.180806 -0.307513 -0.250165 -0.0723751 
0.42942 0.043061 0.351945 -0.427785 -0.168767 0.397465 0.137914 0.103005 -0.23826 0.293729 0.399705 21 20.9998 21 21 20.9997 21.0007 20.9997 20.9999 20.9996 -0.222837 -0.386337 -0.263375 -0.0289797 -0.27773 -0.324845 -0.0102565 0.0347532 -0.0280221 0.438344 
-0.3156 0.133362 0.0670063 0.262544 -0.139708 0.499116 -0.191702 0.37464 -0.00863527 0.323632 0.383295 22.0006 22.0006 21.9993 21.9998 21.9996 21.9993 22 22.0008 22.0007 -0.476252 0.260585 -0.256905 0.317062 0.293623 0.221811 0.287977 -0.253306 -0.434578 -0.272893 
0.290648 -0.22473 -0.210111 0.00852571 0.471616 0.0859341 -0.334028 -0.124483 0.305625 -0.384225 -0.105947 22.9995 22.9994 23.0003 22.9993 23.0007 23.0002 23.0002 23.0003 22.9999 0.202988 0.374157 0.388562 0.466081 -0.108357 0.276723 -0.499104 -0.220846 -0.2455 -0.145109 
0.129555 0.460874 -0.37692 -0.301412 -0.224148 0.290236 -0.329718 -0.230546 0.0863033 -0.209464 0.0910053 24.0006 23.9995 24.0004 24.0003 24.0008 24.0002 23.9999 23.9998 24.0006 0.269565 -0.21397 -0.424403 -0.437371 -0.0430882 0.0773744 -0.303662 0.357521 -0.337715 -0.369143 
0.0607659 0.171796 0.25619 -0.481465 -0.220324 -0.0864546 0.158393 -0.0554799 0.00170714 0.280014 -0.33552 24.9998 24.9998 25 25.0003 24.9996 24.9994 25.0001 24.9999 24.9998 -0.05827 0.11824 -0.2102 0.0581659 0.470383 -0.21653 -0.430572 -0.363603 -0.1333 0.458306 
-0.160731 0.0234011 -0.181863 0.139009 0.375772 0.248552 0.00722727 -0.425269 -0.469117 0.212217 0.275093 26.0004 26.0002 25.9995 26.0003 26.0003 26 26.0001 26.0004 26.0006 -0.496487 0.306897 -0.343467 -0.459623 0.0466953 0.115471 0.0379318 0.160922 0.266507 0.286921 
-0.33663 -0.276253 0.201147 0.486594 -0.239756 -0.331655 0.291803 0.308869 0.256249 -0.0105348 0.268297 27.0003 26.9993 27.0001 27.0005 26.9997 27.0003 26.9998 26.9999 26.9996 0.22919 -0.224122 0.400248 -0.379063 -0.259506 -0.421637 -0.18696 -0.278862 0.231534 -0.440557 
0.289265 -0.210945 0.366782 0.425238 0.0648379 0.433181 -0.0516658 0.00477806 -0.182849 -0.497391 0.136206 28.0004 27.9993 27.9995 28.0003 27.9995 28.0007 27.9999 28.0006 28.0006 0.154423 0.161503 -0.064772 0.154994 -0.194627 -0.355391 -0.335032 -0.029373 -0.210463 0.00277054 
0.10091 0.417305 -0.492289 -0.218564 0.0090861 -0.0570726 -0.481773 0.275135 -0.0945319 -0.250484 -0.451335 29.0006 28.9992 29.0006 28.9993 28.9995 29.0002 29.0002 29.0002 28.9995 -0.325346 -0.161213 -0.183683 0.138946 -0.462793 -0.431224 -0.309059 -0.267654 0.423133 -0.381954 
