2602.96 2460.17 1027.7 4812.32 4535.31 3622.8 4404.44 4977.66 3291.92 3875.01 3182.17 3603.89 1603.81 3625.83 4136.79 3360.94 3264.47 4691.58 5618.67 2160.85 4078.87 2438.79 4017.81 3051.6 4248.43 4369.4 2397.63 
23.4763 303.38 -256.242 -79.0942 -145.308 -81.0187 -182.432 282.263 195.831 -205.585 -232.466 330.596 -339.826 -128.923 302.057 -181.21 -112.514 280.605 287.102 266.215 88.8416 -232.972 -217.641 -163.622 304.422 45.0557 1931.88 
154.113 87.6671 -7.09926 317.827 -276.838 303.893 233.386 259.676 -143.941 -179.654 -321.452 60.997 -2.21413 319.186 -91.1709 241.104 -125.096 -311.345 -82.6401 173.355 -224.787 349.05 -292.269 224.719 -327.909 -72.1399 3733.26 
-330.122 -60.9649 -265.236 209.521 -117.979 137.21 -343.608 -157.431 -252.581 273.806 335.087 169.058 -305.509 123.452 -108.119 -355.083 -245.895 148.427 -340 353.225 273.19 69.8925 -326.834 -71.9153 -244.752 54.7117 4596.5 
262.194 -309.984 112.741 187.378 -89.3856 26.5314 314.909 -10.2687 242.161 -97.1166 276.875 271.334 205.747 -34.5013 351.807 254.028 -142.257 310.78 -12.0247 149.893 221.008 -351.426 -256.834 -179.689 355.982 40.9613 1974.42 
5.01953 2.42258 309.115 358.374 -232.584 196.909 -36.7872 -188.961 -211.681 -281.675 130.942 231.885 201.457 261.391 -215.562 -278.585 -81.2574 219.772 274.791 89.3076 -59.1662 -193.18 -340.095 60.7156 -360.032 -351.884 4962.5 
44.8789 -263.455 -202.731 -134.053 -147.047 130.619 -275.407 -340.374 124.112 309.761 0.149786 -104.623 -84.0634 -121.936 -140.079 -160.46 35.4976 128.016 68.6642 -282.857 -184.977 297.759 -255.597 -109.239 164.187 311.738 4020.81 
25.3574 251.676 -10.6626 -132.26 -314.096 -172.818 190.235 102.304 137.244 32.894 318.42 -47.4065 -20.3464 168.584 20.4625 -50.923 -321.065 11.3979 -356.2 -326.701 71.6339 1.41305 136.974 313.204 -203.345 -297.343 4415.12 
-284.615 324.354 -28.2983 -30.2229 -94.8423 -115.402 -348.068 74.0553 278.183 263.701 -263.828 -45.7493 190.912 57.5108 -130.14 112.783 -31.7653 28.056 -107.908 45.4053 -248.498 -241.23 -245.028 -73.5123 -130.202 188.301 3755.12 
162.569 -20.4434 -322.359 -220.665 -121.818 168.448 245.404 51.1445 332.858 -95.8363 79.0532 218.912 128.674 -160.876 -109.962 344.803 -114.707 -68.2616 -297.776 113.248 347.66 -309.12 361.42 227.506 -73.2759 20.7665 5227.62 
-61.1941 -151.102 -291.18 290.182 1.12625 96.5288 -154.723 -139.043 -177.344 -203.403 6612.34 7915.65 9309.83 6307.69 5153.12 10000 5030.47 8969.62 231.71 34.5816 166.339 -256.793 -149.806 28.9162 227.728 345.067 5134.96 
-320.483 -6.61574 -282.725 -349.493 -249.266 -62.6779 -149.859 -232.765 -89.7011 348.909 6676.16 6832.12 5735.33 6822.68 2544.96 4615.23 9471.89 9269.91 48.6051 109.069 111.564 -316.533 -159.928 80.7775 214.848 187.174 4575.7 
28.7679 -141.827 28.225 -110.284 -240.011 -130.865 94.7138 259.517 -357.636 -92.2886 5710.53 6215.69 6430.56 4053.14 8838.6 12520.7 10232.9 9391.47 -99.7416 140.819 -361.92 220.855 301.407 -10.8069 133.74 -19.8605 4544.88 
-282.506 -309.157 353.845 80.4005 221.098 299.897 356.318 -164.866 -54.5423 163.448 8078.64 6398.56 8103.24 7623.09 8454.3 5436.04 6975.26 6552.11 -233.481 245.823 -193.233 -29.96 -195.511 -115.313 -182.064 -266.85 2988.39 
320.126 -232.518 39.6823 -322.119 -348.565 -249.856 44.9654 63.4057 -250.182 49.4704 9214.09 3230.8 4514.24 4177.27 5443.38 8130.59 5077.95 8815.26 288.183 -58.3301 -7.62879 -21.1584 -60.8872 -71.2703 -2.86868 -220.02 4423.82 
236.19 263.835 25.0031 194.474 -147.483 137.8 -220.375 242.718 167.189 215.526 4508.86 4234.35 8249.59 5938.92 4586.22 8873.74 5313.71 6841.64 -238.245 239.113 -69.9956 -223.1 -164.617 -244.335 -261.269 160.847 4438.87 
-144.648 -126.113 359.287 -330.089 167.571 -167.443 -187.93 60.508 -129.019 340.932 9984.55 4319.77 5663.32 6689.48 4828.06 8776.56 7697.32 10026.7 -66.1323 -141.291 -188.033 -174.421 -249.658 240.674 357.872 -212.429 4286.37 
-153.664 114.957 149.157 223.128 129.485 118.681 79.8625 207.481 245.772 -331.824 11134 6697.62 9363.02 4268.42 7172.04 9164.97 10090.4 9917.62 301.432 -258.693 127.078 52.0645 -223.929 231.86 -313.723 340.509 3903.97 
45.8045 115.307 130.458 28.9808 291.652 -90.268 -87.6109 254.11 -335.494 50.5535 81.0828 237.247 332.187 76.8191 -265.044 52.5337 291.792 -296.537 -79.8113 -283.633 29.4608 -110.707 -66.7575 170.432 -204.31 351.924 3580.64 
-264.949 80.6488 188.149 20.8135 -336.206 155.89 -122.899 -70.1203 -72.17 44.4315 231.536 221.169 173.517 -105.333 342.224 -120.766 -311.265 343.865 125.331 314.66 139.738 80.4391 -304.221 -302.162 -251.263 -319.894 5903.19 
-217.916 -271.216 -270.301 -217.68 91.6717 220.457 187.324 -141.163 -349.054 -308.04 -134.434 -303.722 166.181 84.312 -7.44975 26.4375 310.324 141.367 137.366 -4.25959 231.787 96.1307 96.7487 280.04 271.29 247.304 4257.12 
256.958 213.754 -226.588 121.767 347.272 -191.519 -325.054 148.857 32.1615 -305.481 101.63 28.735 8.73326 -213.731 -248.685 -25.282 -315.811 -9.83084 -115.244 330.765 143.185 -112.625 250.16 196.511 -161.158 138.981 2412.67 
-293.27 80.8196 84.3738 -328.048 108.122 266.614 240.77 22.3785 -72.1035 -95.2259 178.689 339.187 361.904 338.866 -147.259 -37.5495 302.708 -45.7452 -280.2 -121.9 -2.79875 77.7326 -97.9492 342.425 -193.399 -69.607 4844.02 
268.019 88.0356 14.5281 -200.713 -203.006 -340.408 25.1258 -253.458 341.555 -85.7731 -178.468 105.724 82.1088 272.228 -92.8536 234.735 151.604 356.97 351.568 318.627 -326.116 -334.539 40.7613 -167.87 337.056 8.18863 4551.72 
114.701 6.25211 102.546 -96.2812 -110.286 86.9472 116.998 -334.339 -95.9902 -301.652 -30.3861 186.552 269.236 -327.894 242.508 331.561 48.037 335.244 -351.845 239.278 -183.419 -239.316 334.188 -132.019 165.213 -223.268 4097.39 
-293.438 -238.726 -312.655 166.994 -164.544 -222.842 -328.614 -3.24199 -194.929 -302.017 336.67 -115.371 65.9782 351.517 -107.661 -112.987 40.5626 -97.2136 50.3019 173.084 -286.61 -225.418 -175.173 110.544 117.696 -227.928 3992.88 
249.248 342.504 -135.054 -266.766 -12.1201 -89.3749 36.1984 -135.968 -206.743 34.7562 -201.803 -211.327 -107.585 169.67 -67.6107 -121.003 323.275 -49.6005 273.49 228.586 177.035 160.147 -125.048 -3.20866 -4.61276 -294.847 4069.22 
