2603.65 2460.51 1028.46 4813.11 4535.25 3623.17 4405.74 4978.35 3292.67 3875.68 3182.89 3604.86 1604.87 3626.86 4137.73 3361.71 3265.61 4691.05 5619.03 2160.91 4078.99 2439.3 4018.82 3051.97 4248.88 4370.59 2398.27 
24.1931 304.454 -255.814 -78.6572 -145.408 -80.7432 -181.809 282.871 195.839 -204.496 -231.846 331.283 -339.349 -128.044 303.428 -180.966 -111.342 282.31 288.073 267.436 88.7491 -232.949 -217.118 -162.61 304.968 45.1966 1932.6 
154.681 87.4406 -6.84538 319.271 -276.167 304.919 233.316 260.39 -143.518 -179.494 -320.365 61.7708 -1.88902 319.853 -90.4617 241.689 -124.616 -311.595 -82.6707 174.492 -224.366 349.263 -291.698 224.689 -327.594 -72.2177 3732.52 
-329.737 -60.4933 -265.175 209.716 -117.689 137.013 -343.167 -157.124 -252.417 273.992 335.424 169.244 -304.641 123.314 -107.344 -355.137 -245.546 149.119 -339.776 353.397 273.554 69.8264 -325.594 -71.8007 -244.258 55.545 4596.79 
262.573 -309.644 112.728 187.924 -88.6865 27.5146 315.696 -9.81327 242.034 -96.7332 276.651 271.97 206.054 -33.7962 351.761 254.15 -141.671 311.627 -11.3353 150.419 220.913 -351.454 -256.377 -179.476 357.067 41.7873 1974.33 
6.0797 2.33245 309.358 359.215 -231.859 197.265 -35.8208 -187.857 -210.84 -281.166 131.229 231.971 202.194 261.947 -215.328 -278.508 -80.8465 220.715 275.44 89.4425 -59.0562 -192.704 -339.797 61.2521 -359.758 -351.811 4962.99 
45.291 -263.519 -202.318 -133.972 -146.59 131.048 -275.092 -340.084 124.313 310.164 0.700415 -104.608 -84.4314 -121.98 -139.685 -160.002 35.7611 128.54 69.1903 -282.508 -184.541 297.408 -255.65 -108.527 165.141 312.146 4021.39 
25.9213 252.33 -10.6298 -131.794 -314.106 -172.325 190.333 102.936 137.434 33.6416 318.529 -47.5489 -19.5948 168.909 20.5412 -50.5283 -320.717 12.0777 -356.187 -326.391 72.1233 1.52219 137.111 313.621 -203.215 -297.337 4415.69 
-284.48 325.062 -27.9755 -29.7903 -94.5668 -115.22 -348.107 74.1651 278.437 263.546 -263.561 -45.0728 191.257 57.8183 -129.759 113.036 -31.4165 28.4407 -107.28 45.8714 -248.31 -240.435 -244.512 -73.1446 -129.943 188.441 3755.6 
162.788 -20.0111 -321.858 -220.714 -121.459 168.612 245.65 51.236 333.334 -95.6719 79.3314 219.153 128.637 -160.742 -109.595 344.791 -114.172 -67.9824 -297.722 113.518 347.764 -308.754 361.541 227.937 -73.0271 21.4331 5227.73 
-61.2166 -151.146 -290.876 290.796 1.58116 96.979 -154.415 -138.853 -177.425 -203.121 6612.57 7916.05 9309.56 6307.6 5153.32 9999.96 5030.79 8969.56 231.636 34.9761 166.295 -256.294 -149.815 29.2588 228.002 345.354 5135 
-320.17 -6.21478 -282.936 -349.395 -249.082 -62.259 -149.593 -232.556 -89.5994 349.051 6676.29 6832.18 5735.36 6823.12 2545.01 4615.43 9472.17 9269.83 48.9469 109.166 111.669 -316.144 -159.709 80.6723 214.794 187.334 4575.56 
28.8372 -141.773 28.3177 -110.158 -239.805 -131.058 94.7093 259.478 -357.383 -92.1539 5710.63 6215.78 6430.51 4053.17 8838.37 12520.9 10232.9 9391.65 -99.6453 140.969 -361.945 220.818 301.491 -10.6769 133.924 -19.7037 4545.26 
-282.739 -308.87 353.945 80.4327 221.12 300.089 356.614 -164.851 -54.3102 163.392 8078.87 6398.59 8103.48 7623.21 8454.27 5436.16 6975.63 6552.34 -233.245 245.883 -193.242 -29.8747 -195.326 -115.158 -181.796 -266.721 2988.42 
320.069 -232.645 39.8486 -322.038 -348.37 -249.799 45.058 63.771 -250.09 49.4048 9214.27 3230.72 4514.44 4177.28 5443.6 8130.66 5078.11 8815.5 288.343 -58.1807 -7.6072 -21.021 -60.8738 -70.9377 -2.62737 -220.029 4423.88 
236.257 263.867 25.1884 194.538 -147.25 137.807 -220.209 242.838 167.252 215.452 4508.97 4234.36 8249.56 5939 4586.3 8873.87 5313.9 6841.85 -238.276 239.223 -69.9255 -223.039 -164.605 -244.216 -261.304 160.854 4438.97 
-144.584 -126.209 359.353 -329.99 167.504 -167.501 -187.899 60.52 -128.972 340.951 9984.53 4319.85 5663.33 6689.58 4828.08 8776.68 7697.37 10026.8 -66.0186 -141.145 -188.07 -174.422 -249.594 240.676 357.931 -212.393 4286.38 
-153.684 115.087 149.31 223.25 129.474 118.769 80.009 207.386 245.795 -331.689 11134 6697.64 9363.06 4268.46 7172.05 9165 10090.4 9917.59 301.491 -258.632 127.136 52.0877 -223.957 231.865 -313.696 340.541 3904.06 
45.8261 115.313 130.494 28.9915 291.672 -90.1851 -87.583 254.175 -335.499 50.5739 81.0984 237.298 332.208 76.8372 -265.018 52.5323 291.852 -296.511 -79.7874 -283.547 29.4804 -110.679 -66.7411 170.47 -204.22 351.967 3580.69 
-264.927 80.7215 188.142 20.8771 -336.128 155.89 -122.829 -70.146 -72.1082 44.4558 231.549 221.229 173.561 -105.318 342.246 -120.752 -311.221 343.937 125.43 314.674 139.739 80.4947 -304.264 -302.184 -251.236 -319.909 5903.16 
-217.841 -271.178 -270.258 -217.608 91.737 220.47 187.325 -141.218 -349.034 -308.004 -134.464 -303.694 166.185 84.348 -7.42323 26.4852 310.404 141.389 137.344 -4.21807 231.834 96.0786 96.8044 280.017 271.347 247.348 4257.09 
257.025 213.755 -226.491 121.766 347.286 -191.506 -324.995 148.894 32.1796 -305.476 101.703 28.749 8.75567 -213.703 -248.705 -25.2652 -315.822 -9.83152 -115.204 330.812 143.172 -112.563 250.168 196.561 -161.205 139.017 2412.65 
-293.243 80.8513 84.3772 -327.98 108.105 266.626 240.774 22.394 -72.0816 -95.2287 178.689 339.215 361.949 338.862 -147.266 -37.5126 302.743 -45.7113 -280.178 -121.882 -2.81544 77.7468 -97.9051 342.4 -193.411 -69.5927 4844.05 
268.054 88.0556 14.5455 -200.714 -202.974 -340.382 25.1346 -253.45 341.586 -85.723 -178.473 105.739 82.1458 272.226 -92.8511 234.751 151.625 357.022 351.563 318.611 -326.07 -334.512 40.8289 -167.866 337.068 8.21637 4551.74 
114.73 6.25622 102.557 -96.2678 -110.255 86.949 117.02 -334.318 -95.9802 -301.625 -30.3775 186.571 269.272 -327.885 242.487 331.563 48.0439 335.297 -351.831 239.287 -183.383 -239.312 334.218 -132.017 165.249 -223.256 4097.4 
-293.432 -238.703 -312.643 166.989 -164.532 -222.855 -328.608 -3.24228 -194.926 -302.015 336.683 -115.357 66.0005 351.534 -107.647 -112.98 40.5857 -97.2175 50.3171 173.097 -286.605 -225.428 -175.16 110.535 117.705 -227.909 3992.89 
249.253 342.514 -135.045 -266.764 -12.1179 -89.3828 36.2009 -135.973 -206.726 34.7632 -201.801 -211.315 -107.586 169.694 -67.6011 -121.004 323.282 -49.579 273.493 228.601 177.046 160.152 -125.042 -3.1995 -4.60502 -294.843 4069.23 
